(99 109 129 101): 198,
(99 109 81 103): 44,
(99 109 105 133): 222,
(99 109 105 79): 128,
(31 65 55 55): 138,
(31 65 7 59): 158,
(31 65 31 87): 134,
(31 65 43 33): 204,
(0 1 15 11): 85,
(43 17 57 13): 130,
(43 17 15 11): 270,
(43 17 43 33): 88,
(129 101 99 109): 198,
(129 101 133 137): 280,
(129 101 129 83): 118,
(129 39 113 43): 60,
(129 39 123 61): 180,
(129 39 113 13): 422,
(61 99 81 103): 120,
(61 99 33 111): 176,
(61 99 63 131): 234,
(61 99 55 83): 82,
(105 79 129 83): 164,
(105 79 81 85): 150,
(105 79 99 109): 128,
(105 79 103 63): 70,
(35 135 63 131): 192,
(35 135 17 101): 504,
(35 135 33 111): 158,
(43 33 53 41): 74,
(43 33 15 35): 106,
(43 33 31 65): 204,
(43 33 43 17): 88,
(15 11 43 17): 270,
(15 11 0 1): 85,
(15 11 15 35): 224,
(79 5 113 13): 294,
(79 5 57 13): 170,
(79 5 81 39): 208,
(15 35 43 33): 106,
(15 35 7 59): 212,
(15 35 15 11): 224,
(129 83 105 79): 164,
(129 83 129 101): 118,
(129 83 123 61): 228,
(123 61 103 63): 106,
(123 61 129 83): 228,
(123 61 129 39): 180,
(81 103 99 109): 44,
(81 103 61 99): 120,
(81 103 87 127): 114,
(81 103 81 85): 82,
(33 111 61 99): 176,
(33 111 17 101): 74,
(33 111 35 135): 158,
(33 111 31 87): 122,
(57 13 79 5): 170,
(57 13 43 17): 130,
(57 13 53 41): 136,
(79 55 103 63): 172,
(79 55 55 55): 108,
(79 55 81 85): 184,
(79 55 81 39): 30,
(55 55 79 55): 108,
(55 55 31 65): 138,
(55 55 55 83): 184,
(55 55 53 41): 32,
(81 85 105 79): 150,
(81 85 55 83): 120,
(81 85 81 103): 82,
(81 85 79 55): 184,
(113 13 129 39): 422,
(113 13 79 5): 294,
(113 13 113 43): 202,
(31 87 55 83): 148,
(31 87 5 87): 118,
(31 87 33 111): 122,
(31 87 31 65): 134,
(55 83 81 85): 120,
(55 83 31 87): 148,
(55 83 61 99): 82,
(55 83 55 55): 184,
(105 133 133 137): 152,
(105 133 87 127): 136,
(105 133 99 109): 222,
(133 137 140 139): 17,
(133 137 105 133): 152,
(133 137 129 101): 280,
(103 63 123 61): 106,
(103 63 79 55): 172,
(103 63 105 79): 70,
(103 63 113 43): 158,
(63 131 87 127): 164,
(63 131 35 135): 192,
(63 131 61 99): 234,
(17 101 33 111): 74,
(17 101 35 135): 504,
(17 101 5 87): 122,
(113 43 129 39): 60,
(113 43 81 39): 212,
(113 43 103 63): 158,
(113 43 113 13): 202,
(53 41 81 39): 198,
(53 41 43 33): 74,
(53 41 55 55): 32,
(53 41 57 13): 136,
(87 127 105 133): 136,
(87 127 63 131): 164,
(87 127 81 103): 114,
(81 39 113 43): 212,
(81 39 53 41): 198,
(81 39 79 55): 30,
(81 39 79 5): 208,
(5 87 31 87): 118,
(5 87 17 101): 122,
(5 87 7 59): 162,
(7 59 31 65): 158,
(7 59 5 87): 162,
(7 59 15 35): 212,